<?xml version="1.0"?>
<opencv_storage>
<!-- This file describes the calibration of the raspberry pi camera which helps mitigate distortion.
     Link to tutorial: https://docs.opencv.org/master/d4/d94/tutorial_camera_calibration.html -->
<calibration_time>"Sat 28 Dec 2019 02:38:30 PM EST"</calibration_time>
<nr_of_frames>8</nr_of_frames>
<image_width>2592</image_width>
<image_height>1944</image_height>
<board_width>9</board_width>
<board_height>6</board_height>
<square_size>3.2500000000000000e+01</square_size>
<fix_aspect_ratio>1.</fix_aspect_ratio>
<!-- flags: +fix_aspectRatio +fix_principal_point +zero_tangent_dist +fix_k4 +fix_k5 -->
<flags>6158</flags>
<fisheye_model>0</fisheye_model>
<camera_matrix type_id="opencv-matrix">
  <rows>3</rows>
  <cols>3</cols>
  <dt>d</dt>
  <data>
    2.6484253644125752e+03 0. 1.2955000000000000e+03 0.
    2.6484253644125752e+03 9.7150000000000000e+02 0. 0. 1.</data></camera_matrix>
<distortion_coefficients type_id="opencv-matrix">
  <rows>5</rows>
  <cols>1</cols>
  <dt>d</dt>
  <data>
    -1.7070053914800404e-02 1.3931151787475153e+00 0. 0.
    -5.9190161986192713e+00</data></distortion_coefficients>
<avg_reprojection_error>1.0626695490588025e+00</avg_reprojection_error>
<per_view_reprojection_errors type_id="opencv-matrix">
  <rows>8</rows>
  <cols>1</cols>
  <dt>f</dt>
  <data>
    6.43668652e-01 1.07430458e+00 1.22858131e+00 1.94883728e+00
    9.36425626e-01 5.42042673e-01 8.27849925e-01 5.49795806e-01</data></per_view_reprojection_errors>
<!-- a set of 6-tuples (rotation vector + translation vector) for each view -->
<extrinsic_parameters type_id="opencv-matrix">
  <rows>8</rows>
  <cols>6</cols>
  <dt>d</dt>
  <data>
    -3.1951259785436795e-02 1.9687331131040328e-01
    -2.4570845362093398e-02 -2.6140147643069760e+01
    -2.0051364644245598e+02 1.2330158941295545e+03
    -3.5881862091858799e-02 2.9913774594585507e-01
    1.6536216222748524e-03 -3.2691662131902297e+00
    -2.1893624258414974e+02 9.5220523086826699e+02
    -6.3258619023349408e-02 4.8139203892097149e-01
    -2.4573619546425481e-03 9.8410488658158911e+01
    -2.1011260469122217e+02 1.1227505917391811e+03
    2.4670173379125384e-02 6.3558798952889284e-01
    -1.4697229057447370e-01 -4.7217236798639902e+01
    -2.8954240724641895e+01 1.1846202469286125e+03
    1.8019865360638092e-04 -2.2285824624579295e-01
    -1.4949357827991308e-01 -8.8503459723638315e+01
    -1.5520100832799359e+01 1.1825117573473883e+03
    -1.0967130204099718e-01 1.6319847554823755e-01
    -4.9243160670276051e-02 -2.3479719754765203e+01
    -9.3296096390144143e+01 1.3202081823622352e+03
    -1.4386647057894753e-01 4.1733939844220042e-01
    -6.9595649423745784e-02 1.8786833029037271e+02
    -9.2100850918796482e+01 1.2967651960925532e+03
    -1.1050666641519055e-01 1.6347715173154587e-01
    -4.9079163588199942e-02 -2.3292557369886499e+01
    -9.3612969073101070e+01 1.3202740890278542e+03</data></extrinsic_parameters>
<image_points type_id="opencv-matrix">
  <rows>8</rows>
  <cols>54</cols>
  <dt>"2f"</dt>
  <data>
    1.23946777e+03 5.40349487e+02 1.30823157e+03 5.36424866e+02
    1.37744702e+03 5.32379211e+02 1.44734216e+03 5.27965698e+02
    1.51804773e+03 5.23557617e+02 1.58949670e+03 5.18921692e+02
    1.66169897e+03 5.13959106e+02 1.73501062e+03 5.08905945e+02
    1.80927429e+03 5.03719177e+02 1.24063855e+03 6.09747559e+02
    1.30971765e+03 6.06632385e+02 1.37917078e+03 6.02911011e+02
    1.44921570e+03 5.99177795e+02 1.51979822e+03 5.95242371e+02
    1.59098035e+03 5.90790405e+02 1.66331909e+03 5.86241638e+02
    1.73667676e+03 5.81501282e+02 1.81091345e+03 5.76519409e+02
    1.24186133e+03 6.79297546e+02 1.31099487e+03 6.76383057e+02
    1.38071997e+03 6.73379456e+02 1.45072778e+03 6.70053589e+02
    1.52150854e+03 6.66426331e+02 1.59286877e+03 6.62363770e+02
    1.66514148e+03 6.58407776e+02 1.73842004e+03 6.54057739e+02
    1.81270618e+03 6.49676758e+02 1.24273438e+03 7.48597473e+02
    1.31242224e+03 7.46299072e+02 1.38219604e+03 7.43521667e+02
    1.45248218e+03 7.40673950e+02 1.52336316e+03 7.37763916e+02
    1.59479358e+03 7.34301025e+02 1.66689612e+03 7.30638367e+02
    1.74031812e+03 7.26788513e+02 1.81442859e+03 7.22920776e+02
    1.24382178e+03 8.18317505e+02 1.31346387e+03 8.16051086e+02
    1.38351477e+03 8.13573303e+02 1.45414209e+03 8.11367859e+02
    1.52512854e+03 8.08765137e+02 1.59668542e+03 8.05913574e+02
    1.66890381e+03 8.02801392e+02 1.74228918e+03 7.99715698e+02
    1.81636731e+03 7.96312744e+02 1.24554614e+03 8.88699768e+02
    1.31487402e+03 8.86472534e+02 1.38524744e+03 8.84257751e+02
    1.45561194e+03 8.81990784e+02 1.52685107e+03 8.79822998e+02
    1.59862378e+03 8.77427307e+02 1.67092078e+03 8.74897034e+02
    1.74430029e+03 8.72287903e+02 1.81835132e+03 8.69409058e+02
    1.28667102e+03 3.61119446e+02 1.37422253e+03 3.54698639e+02
    1.46336694e+03 3.47949554e+02 1.55439954e+03 3.40361847e+02
    1.64761169e+03 3.33186005e+02 1.74294470e+03 3.24777313e+02
    1.84044690e+03 3.16088501e+02 1.94044775e+03 3.07777191e+02
    2.04252673e+03 2.99103333e+02 1.28560352e+03 4.51407715e+02
    1.37373059e+03 4.46488251e+02 1.46321912e+03 4.40911621e+02
    1.55421033e+03 4.34806885e+02 1.64732898e+03 4.28348419e+02
    1.74248425e+03 4.21102448e+02 1.83974426e+03 4.13519684e+02
    1.93992346e+03 4.05577881e+02 2.04243860e+03 3.97724701e+02
    1.28451086e+03 5.41242554e+02 1.37277539e+03 5.37644348e+02
    1.46257971e+03 5.33429016e+02 1.55376514e+03 5.28404114e+02
    1.64703589e+03 5.23381348e+02 1.74182666e+03 5.17055969e+02
    1.83934351e+03 5.10832703e+02 1.93955103e+03 5.04074402e+02
    2.04205457e+03 4.97261017e+02 1.28312524e+03 6.31045776e+02
    1.37190747e+03 6.28395325e+02 1.46187988e+03 6.25189331e+02
    1.55335559e+03 6.21734619e+02 1.64652490e+03 6.17572083e+02
    1.74176978e+03 6.13156555e+02 1.83918237e+03 6.07869507e+02
    1.93903162e+03 6.02410095e+02 2.04172363e+03 5.96715332e+02
    1.28158020e+03 7.21082703e+02 1.37061218e+03 7.18964050e+02
    1.46083887e+03 7.16701538e+02 1.55273792e+03 7.14401367e+02
    1.64625195e+03 7.11671326e+02 1.74149585e+03 7.08456482e+02
    1.83906226e+03 7.04726257e+02 1.93900452e+03 7.00930664e+02
    2.04155042e+03 6.96453247e+02 1.28151147e+03 8.12050964e+02
    1.37004077e+03 8.10345886e+02 1.46024524e+03 8.08671326e+02
    1.55185022e+03 8.07031433e+02 1.64572266e+03 8.05361877e+02
    1.74120618e+03 8.03505920e+02 1.83883752e+03 8.01126221e+02
    1.93897314e+03 7.98608215e+02 2.04153162e+03 7.95754150e+02
    1.52870300e+03 4.75953217e+02 1.60088464e+03 4.67482819e+02
    1.67483887e+03 4.58639984e+02 1.75114600e+03 4.49362946e+02
    1.83023450e+03 4.39822601e+02 1.91136230e+03 4.29522888e+02
    1.99525671e+03 4.19025848e+02 2.08193213e+03 4.08491791e+02
    2.17141846e+03 3.97320770e+02 1.52751086e+03 5.51572937e+02
    1.60046460e+03 5.44920288e+02 1.67478333e+03 5.37605835e+02
    1.75121619e+03 5.29591553e+02 1.83033411e+03 5.21399170e+02
    1.91146497e+03 5.12382507e+02 1.99527991e+03 5.02839874e+02
    2.08195068e+03 4.93251221e+02 2.17136060e+03 4.83619720e+02
    1.52631555e+03 6.27219421e+02 1.59936755e+03 6.21763123e+02
    1.67436389e+03 6.15916931e+02 1.75097559e+03 6.09473206e+02
    1.83033765e+03 6.02503113e+02 1.91123096e+03 5.94609619e+02
    1.99546191e+03 5.86932739e+02 2.08223706e+03 5.78700073e+02
    2.17180127e+03 5.70286743e+02 1.52463525e+03 7.02823181e+02
    1.59844263e+03 6.98618408e+02 1.67343970e+03 6.93871643e+02
    1.75062085e+03 6.89018433e+02 1.82983826e+03 6.83450928e+02
    1.91180432e+03 6.77576294e+02 1.99573682e+03 6.70947449e+02
    2.08262891e+03 6.64362976e+02 2.17251685e+03 6.57388062e+02
    1.52321057e+03 7.78597107e+02 1.59673938e+03 7.75324341e+02
    1.67231641e+03 7.71880676e+02 1.74981433e+03 7.68400879e+02
    1.82972803e+03 7.64423950e+02 1.91161523e+03 7.59824402e+02
    1.99660156e+03 7.55095398e+02 2.08362256e+03 7.49831665e+02
    2.17339233e+03 7.44376587e+02 1.52333472e+03 8.55235718e+02
